Size (d.nm) - FKIT-007-S2 [Steady state]	Number (Percent) - FKIT-007-S2 [Steady state]
0,3	0
0,3489	0
0,4057	0
0,4718	0
0,5487	0
0,6381	0
0,742	0
0,8629	0
1,003	0
1,167	0
1,357	0
1,578	0
1,835	0
2,134	0
2,482	0
2,886	0
3,357	0
3,903	0
4,539	0
5,279	0
6,139	0
7,139	0
8,302	0
9,655	0
11,23	0
13,06	0
15,18	0
17,66	0
20,53	0
23,88	0
27,77	0
32,3	0
37,56	0
43,68	0
50,79	0
59,07	0
68,69	0
79,88	0
92,89	0
108	7,663
125,6	30,93
146,1	39,78
169,9	17,81
197,6	1,891
229,8	0,9122
267,2	0,5009
310,7	0,2781
361,3	0,1416
420,2	0,06166
488,7	0,02069
568,3	0,004377
660,9	0,0003587
768,5	0
893,8	0
1039	0
1209	0
1406	0
1635	0